995202881
490700098
419495262
407793061
418104625
532808257
213161418
254134704
421827079
92322177
665273673
606881458
587703944
521801161
978514555
667967849
183531596
626150432
266588391
293992599
484389399
15649533
100800645
14853069
346091230
938034326
385685005
984508489
148319965
717326009
453416161
530750174
133888576
364231454
827395281
303217084
620812736
954259310
359926319
806317863
480516075
709888847
634452549
168909071
192917705
137439376
726142347
925663432
402251024
941639188
30028954
616035715
551644324
660606088
255163815
749860374
554661099
670185066
78988108
77953332
519224744
381842835
131682765
99284843
467516516
457699471
792090974
239358614
262355002
94544633
625716924
35038479
383781912
228209084
166158821
532844093
380413776
38498982
50037665
862768878
14819826
317257235
32184476
536332873
479053714
910571531
661182945
603223571
947038715
538153377
611930610
220272109
62667791
270834506
720888428
111531314
896243274
756155211
566621555
286627173
6744794
473828585
978544478
153830485
179418276
826720526
920069183
246334066
788457998
796443676
712795662
151378161
766849618
335847417
986592464
936687239
279008535
847795835
335673354
663055207
528983939
393763897
627216571
350024035
391260116
881539243
49264976
186623170
280272335
805869207
130860343
193099183
392532562
345768538
305616523
994570766
546816730
255720021
642588984
579411292
920593039
195475693
190954228
139744413
428044330
277165637
649400283
758617887
699117006
852246283
883935468
710420272
437469920
231396835
899866714
412664484
626858698
511590997
941166815
396966557
197848411
428471459
659816998
588855842
88450118
727604538
988385624
373635743
49410554
258191602
335861472
422045278
23095063
275716466
662722392
871083055
593640769
875742545
26184419
324500149
96585343
373303619
479191925
160662927
309284387
126432943
204455853
26216905
858039999
73767166
407232549
737273805
460779830
590077639
307798266
549668320
398910646
717877785
771603651
782153136
730734216
326408133
152267033
864728237
868163433
682201504
816950547
234771794
642869791
219720377
217012295
69363444
869413835
875033395
519787103
451950296
137264721
185319639
785533427
647717617
404530744
74898206
221600723
33674081
472281695
594444929
554201599
781015840
938355634
565494915
453230609
688260726
877793341
536273350
732116469
237253714
522431165
89688656
102465415
693404795
82430004
184926660
576087120
458346505
55123909
460923868
592314839
537920817
974709322
878660350
475659894
60367977
165985689
441372988
784296483
896542125
301602848
657416317
828796293
371049013
984972262
372179176
621096924
414945509
685406113
98126820
196282464
251929121
348851846
38455490
565188023
602538732
172356929
379325772
654835616
113424418
910401756
280249358
154109803
301210534
689305992
111618504
408639002
219752708
669697052
631696179
611740978
185894168
617179652
869893052
21618980
916770207
478843266
243848791
621486841
309358536
4908459
776299825
743064789
87288758
16131898
287365769
402587130
967448841
127756413
633858054
81957701
354073511
928465251
837479532
942200363
846511884
325914497
228908428
929304837
804703771
606234486
908551647
151178621
917223084
958788253
461501596
628599736
391455273
325684171
37982382
136207688
485022044
312101988
772840871
552428882
933770072
837639361
872772704
756954119
51076097
863020666
983406797
487307808
733283031
906367570
559780274
547073539
34538013
873937185
635868280
420420763
230493701
11133557
341950623
271842655
822953016
375175872
809840056
121685783
54639162
771414640
73455904
555935735
328985343
543488164
899486840
345237099
810756897
653890520
941847231
603831007
397798117
975405566
69298570
941421487
537116769
235846096
296745200
944849547
197652008
657864476
15553410
53271226
180024921
533184922
857550323
417399902
763427747
53977987
220115422
220110518
353327465
81020288
393650086
685595261
883131913
660963659
796510240
330668159
35114014
865814271
570360653
579355016
808927002
482727214
434254190
744499146
387137028
88988067
237445417
162239595
566369328
149608989
212198741
924924978
696928689
702186158
759923702
163790759
990502318
350928521
592720294
334750138
432678030
64223728
661131669
377435056
909618136
835144372
711927177
921677752
920133345
480351838
248173741
627085618
726777734
599934665
219417438
903757789
630581879
291583728
554211350
375570432
745673221
512847519
187372583
434460796
439294920
321816604
744598624
82458548
359093115
227568002
822022426
673882398
454343525
150438864
41131352
878998315
327529837
810114254
416723719
429316729
458033652
817048877
787456409
313617730
946329902
955761066
32627960
878860958
484672861
895759159
126287816
233299431
203289017
945122704
112170348
175926023
110162146
410040479
978323264
947664699
16104461
708995795
317366637
347164604
459103664
18970934
247523042
426041465
929558436
694896125
842153895
371101745
584807263
877131855
680909602
586407986
467226521
8617906
941001951
773107936
574898766